#CHR_A	BP_A	SNP_A	CHR_B	BP_B	SNP_B	R2
22	16050840	rs587616822	22	16057320	rs190581814	0.558338
22	16050840	rs587616822	22	16208755	rs144647412	0.405631
22	16050840	rs587616822	22	16208872	rs550885497	0.381925
22	16050840	rs587616822	22	16255526	rs12484198	0.469358
22	16050840	rs587616822	22	16357100	rs572797024	0.289433
22	16050840	rs587616822	22	16534156	rs137964151	0.503807
22	16050840	rs587616822	22	16554886	rs78922722	0.479334
22	16050840	rs587616822	22	16657570	rs558141740	0.280157
22	16050840	rs587616822	22	16855426	rs369963593	0.408327
22	16050840	rs587616822	22	16932330	rs539456786	0.392614
22	16050840	rs587616822	22	16939121	rs200043256	0.392614
22	16050840	rs587616822	22	16947988	rs146273768	0.280157
22	16050840	rs587616822	22	17005882	rs139728049	0.367722
22	16050840	rs587616822	22	17028778	rs10854531	0.205753
22	16050840	rs587616822	22	17029410	rs9306210	0.21372
22	16050840	rs587616822	22	17029525	rs9680556	0.21372
22	16050840	rs587616822	22	17029595	rs9754491	0.203104
22	16050840	rs587616822	22	17029739	rs9754457	0.21372
22	16050840	rs587616822	22	17029965	rs2379971	0.240685
22	16050840	rs587616822	22	17030029	rs2379972	0.21372
22	16050840	rs587616822	22	17030126	rs10854534	0.21372
22	16050840	rs587616822	22	17030391	rs3954641	0.21372
22	16050840	rs587616822	22	17030442	rs11089232	0.21372
22	16050840	rs587616822	22	17030449	rs11089233	0.21372
22	16050840	rs587616822	22	17030533	rs4010130	0.21372
22	16050840	rs587616822	22	17030620	rs4010131	0.21372
22	16050840	rs587616822	22	17030647	rs2379979	0.21372
22	16050840	rs587616822	22	17030710	rs2379980	0.21372
22	16050840	rs587616822	22	17030792	rs2379981	0.21372
22	16050840	rs587616822	22	17030900	rs4010119	0.21372
22	16050840	rs587616822	22	17030949	rs2379982	0.21372
22	16050840	rs587616822	22	17031072	rs4535153	0.21372
22	16050840	rs587616822	22	17031115	rs4373003	0.237412
22	16050840	rs587616822	22	17031494	rs7291672	0.224788
22	16050840	rs587616822	22	17032232	rs8137765	0.21372
22	16050840	rs587616822	22	17050796	rs5747915	0.209522
22	16050840	rs587616822	22	17129935	rs146177152	0.312724
22	16051249	rs62224609	22	16052962	rs376238049	0.776384
22	16051249	rs62224609	22	16053862	rs62224614	1
22	16051249	rs62224609	22	16054454	rs7286962	1
22	16051249	rs62224609	22	16055122	rs117246541	0.776384
22	16051249	rs62224609	22	16057417	rs62224618	0.964837
22	16051249	rs62224609	22	16062988	rs372511672	0.679363
22	16051249	rs62224609	22	16063369	rs2844853	0.626366
22	16051249	rs62224609	22	16143946	rs2334338	0.446037
22	16051249	rs62224609	22	16159060	rs4643631	0.538138
22	16051249	rs62224609	22	16220993	rs62224487	0.250186
22	16051249	rs62224609	22	16239979	rs62224542	0.284442
22	16051249	rs62224609	22	16242072	rs62224545	0.293086
22	16051249	rs62224609	22	16614020	rs529176102	0.242254
22	16051249	rs62224609	22	16661974	rs117763721	0.225518
22	16051249	rs62224609	22	16689736	rs557698873	0.219512
22	16051249	rs62224609	22	16693293	rs200510071	0.200007
22	16051249	rs62224609	22	16848545	rs62221845	0.411495
22	16051249	rs62224609	22	16848633	rs62221849	0.433881
22	16051249	rs62224609	22	16850452	rs201533041	0.433881
22	16051249	rs62224609	22	16853328	rs62638134	0.455157
22	16051249	rs62224609	22	16854880	rs76135973	0.392597
22	16051249	rs62224609	22	16855280	rs202020360	0.455157
22	16051249	rs62224609	22	16857952	rs62638135	0.446921
22	16051249	rs62224609	22	16860199	rs202244392	0.415873
22	16051249	rs62224609	22	16860205	rs12484581	0.455157
22	16051249	rs62224609	22	16861280	rs201356468	0.455157
22	16051249	rs62224609	22	16861339	rs12483832	0.3452
22	16051249	rs62224609	22	16861420	rs12484792	0.455157
22	16051249	rs62224609	22	16862178	rs62638144	0.455157
22	16051249	rs62224609	22	16866125	rs62223281	0.445254
22	16052463	rs587646183	22	16850756	rs538320270	0.204958
22	16052684	rs139918843	22	16052986	rs200777521	0.203023
22	16052684	rs139918843	22	16053444	rs80167676	0.203023
22	16052684	rs139918843	22	16054713	rs9604721	0.498949
22	16052684	rs139918843	22	16063753	rs149906115	0.71338
22	16052684	rs139918843	22	16070918	rs587640805	0.871316
22	16052684	rs139918843	22	16194504	rs9604678	0.221028
22	16052684	rs139918843	22	16217433	rs9604686	0.221028
22	16052684	rs139918843	22	16315925	rs9617288	0.678446
22	16052684	rs139918843	22	16551429	rs9617294	0.498949
22	16052684	rs139918843	22	16568293	rs9617301	0.747383
22	16052684	rs139918843	22	16852090	rs375472965	0.314092
22	16052684	rs139918843	22	16858666	rs9605299	0.405571
22	16052684	rs139918843	22	16888353	rs574823003	0.25589
22	16052684	rs139918843	22	16926925	rs139656795	0.399842
22	16052684	rs139918843	22	17070109	rs13053626	0.269327
22	16052684	rs139918843	22	17135196	rs138875401	0.312254
22	16052684	rs139918843	22	17145368	rs185839497	0.312254
22	16052684	rs139918843	22	17327068	rs165588	0.2376
22	16052837	rs587743102	22	16060732	rs186144480	0.350502
22	16052837	rs587743102	22	16145013	rs531502381	0.294442
22	16052962	rs376238049	22	16053862	rs62224614	0.776384
22	16052962	rs376238049	22	16054454	rs7286962	0.776384
22	16052962	rs376238049	22	16055122	rs117246541	1
22	16052962	rs376238049	22	16057417	rs62224618	0.748582
22	16052962	rs376238049	22	16062988	rs372511672	0.632896
22	16052962	rs376238049	22	16063369	rs2844853	0.566899
22	16052962	rs376238049	22	16067118	rs587634273	0.209414
22	16052962	rs376238049	22	16143946	rs2334338	0.456174
22	16052962	rs376238049	22	16159060	rs4643631	0.533578
22	16052962	rs376238049	22	16220993	rs62224487	0.328538
22	16052962	rs376238049	22	16239979	rs62224542	0.377746
22	16052962	rs376238049	22	16242072	rs62224545	0.38926
22	16052962	rs376238049	22	16430941	rs569813032	0.214897
22	16052962	rs376238049	22	16614020	rs529176102	0.238241
22	16052962	rs376238049	22	16661974	rs117763721	0.218241
22	16052962	rs376238049	22	16689736	rs557698873	0.21419
22	16052962	rs376238049	22	16693293	rs200510071	0.202827
22	16052962	rs376238049	22	16848545	rs62221845	0.263211
22	16052962	rs376238049	22	16848633	rs62221849	0.278493
22	16052962	rs376238049	22	16850452	rs201533041	0.278493
22	16052962	rs376238049	22	16853328	rs62638134	0.292481
22	16052962	rs376238049	22	16854880	rs76135973	0.249758
22	16052962	rs376238049	22	16855280	rs202020360	0.292481
22	16052962	rs376238049	22	16857952	rs62638135	0.286863
22	16052962	rs376238049	22	16860199	rs202244392	0.250923
22	16052962	rs376238049	22	16860205	rs12484581	0.292481
22	16052962	rs376238049	22	16861280	rs201356468	0.292481
22	16052962	rs376238049	22	16861339	rs12483832	0.353056
22	16052962	rs376238049	22	16861420	rs12484792	0.292481
22	16052962	rs376238049	22	16862178	rs62638144	0.292481
22	16052962	rs376238049	22	16866125	rs62223281	0.28192
22	16052986	rs200777521	22	16053444	rs80167676	1
22	16052986	rs200777521	22	16053730	rs117569664	0.751831
22	16052986	rs200777521	22	16070918	rs587640805	0.20099
22	16053139	rs587710177	22	16062995	rs587627764	0.77455
22	16053139	rs587710177	22	16150968	rs539153730	0.439594
22	16053254	rs587701155	22	16170766	rs9604670	0.243812
22	16053254	rs587701155	22	16205515	rs144309057	0.292221
22	16053254	rs587701155	22	16406097	rs538050606	0.277431
22	16053254	rs587701155	22	16527176	rs554166708	0.344248
22	16053254	rs587701155	22	16864295	rs571310175	0.231188
22	16053444	rs80167676	22	16053730	rs117569664	0.751831
22	16053444	rs80167676	22	16070918	rs587640805	0.20099
22	16053659	rs915675	22	16055942	rs738830	0.925731
22	16053659	rs915675	22	16059973	rs148791235	0.389857
22	16053659	rs915675	22	16060797	rs1970637	0.745065
22	16053659	rs915675	22	16061992	rs2154784	0.219648
22	16053659	rs915675	22	16063154	rs79600304	0.210669
22	16053659	rs915675	22	16113892	rs1988024	0.389668
22	16053659	rs915675	22	16856592	rs55785029	0.279179
22	16053730	rs117569664	22	16097033	rs199507934	0.250971
22	16053730	rs117569664	22	16490700	rs557789466	0.215888
22	16053730	rs117569664	22	16536265	rs533382990	0.21016
22	16053730	rs117569664	22	16869528	rs190675141	0.200354
22	16053791	rs11703994	22	16054740	rs55926024	0.205451
22	16053791	rs11703994	22	16058758	rs55788128	0.51939
22	16053791	rs11703994	22	16061016	rs9617528	0.637906
22	16053791	rs11703994	22	16064992	rs5746303	0.585226
22	16053791	rs11703994	22	16070078	rs10854494	0.394545
22	16053791	rs11703994	22	16849933	rs34165476	0.302607
22	16053791	rs11703994	22	16849941	rs7287822	0.211679
22	16053791	rs11703994	22	16851141	rs9606267	0.237271
22	16053791	rs11703994	22	16851489	rs5748583	0.21119
22	16053791	rs11703994	22	16852667	rs4819897	0.214638
22	16053791	rs11703994	22	16855350	rs9605218	0.238325
22	16053791	rs11703994	22	16856809	rs62636008	0.22777
22	16053791	rs11703994	22	16858218	rs5747105	0.22777
22	16053791	rs11703994	22	16858253	rs5747108	0.228785
22	16053791	rs11703994	22	16860228	rs4819612	0.22777
22	16053791	rs11703994	22	16861450	rs11089201	0.228123
22	16053791	rs11703994	22	16862889	rs5747386	0.229466
22	16053791	rs11703994	22	16865450	rs4010620	0.268545
22	16053791	rs11703994	22	16866749	rs374139	0.210698
22	16053791	rs11703994	22	16867451	rs34890212	0.208795
22	16053862	rs62224614	22	16054454	rs7286962	1
22	16053862	rs62224614	22	16055122	rs117246541	0.776384
22	16053862	rs62224614	22	16057417	rs62224618	0.964837
22	16053862	rs62224614	22	16062988	rs372511672	0.679363
22	16053862	rs62224614	22	16063369	rs2844853	0.626366
22	16053862	rs62224614	22	16143946	rs2334338	0.446037
22	16053862	rs62224614	22	16159060	rs4643631	0.538138
22	16053862	rs62224614	22	16220993	rs62224487	0.250186
22	16053862	rs62224614	22	16239979	rs62224542	0.284442
22	16053862	rs62224614	22	16242072	rs62224545	0.293086
22	16053862	rs62224614	22	16614020	rs529176102	0.242254
22	16053862	rs62224614	22	16661974	rs117763721	0.225518
22	16053862	rs62224614	22	16689736	rs557698873	0.219512
22	16053862	rs62224614	22	16693293	rs200510071	0.200007
22	16053862	rs62224614	22	16848545	rs62221845	0.411495
22	16053862	rs62224614	22	16848633	rs62221849	0.433881
22	16053862	rs62224614	22	16850452	rs201533041	0.433881
22	16053862	rs62224614	22	16853328	rs62638134	0.455157
22	16053862	rs62224614	22	16854880	rs76135973	0.392597
22	16053862	rs62224614	22	16855280	rs202020360	0.455157
22	16053862	rs62224614	22	16857952	rs62638135	0.446921
22	16053862	rs62224614	22	16860199	rs202244392	0.415873
22	16053862	rs62224614	22	16860205	rs12484581	0.455157
22	16053862	rs62224614	22	16861280	rs201356468	0.455157
22	16053862	rs62224614	22	16861339	rs12483832	0.3452
22	16053862	rs62224614	22	16861420	rs12484792	0.455157
22	16053862	rs62224614	22	16862178	rs62638144	0.455157
22	16053862	rs62224614	22	16866125	rs62223281	0.445254
22	16054311	rs369696918	22	16062096	rs587600953	0.378891
22	16054311	rs369696918	22	16119010	rs542794028	0.363858
22	16054311	rs369696918	22	16332005	rs574794518	0.392921
22	16054311	rs369696918	22	16855796	rs528732300	0.253629
22	16054311	rs369696918	22	16856901	rs62636009	0.244066
22	16054311	rs369696918	22	16864293	rs62223266	0.263901
22	16054311	rs369696918	22	16864820	rs140980877	0.253629
22	16054311	rs369696918	22	17094831	rs189917538	0.21109
22	16054454	rs7286962	22	16055122	rs117246541	0.776384
22	16054454	rs7286962	22	16057417	rs62224618	0.964837
22	16054454	rs7286962	22	16062988	rs372511672	0.679363
22	16054454	rs7286962	22	16063369	rs2844853	0.626366
22	16054454	rs7286962	22	16143946	rs2334338	0.446037
22	16054454	rs7286962	22	16159060	rs4643631	0.538138
22	16054454	rs7286962	22	16220993	rs62224487	0.250186
22	16054454	rs7286962	22	16239979	rs62224542	0.284442
22	16054454	rs7286962	22	16242072	rs62224545	0.293086
22	16054454	rs7286962	22	16614020	rs529176102	0.242254
22	16054454	rs7286962	22	16661974	rs117763721	0.225518
22	16054454	rs7286962	22	16689736	rs557698873	0.219512
22	16054454	rs7286962	22	16693293	rs200510071	0.200007
22	16054454	rs7286962	22	16848545	rs62221845	0.411495
22	16054454	rs7286962	22	16848633	rs62221849	0.433881
22	16054454	rs7286962	22	16850452	rs201533041	0.433881
22	16054454	rs7286962	22	16853328	rs62638134	0.455157
22	16054454	rs7286962	22	16854880	rs76135973	0.392597
22	16054454	rs7286962	22	16855280	rs202020360	0.455157
22	16054454	rs7286962	22	16857952	rs62638135	0.446921
22	16054454	rs7286962	22	16860199	rs202244392	0.415873
22	16054454	rs7286962	22	16860205	rs12484581	0.455157
22	16054454	rs7286962	22	16861280	rs201356468	0.455157
22	16054454	rs7286962	22	16861339	rs12483832	0.3452
22	16054454	rs7286962	22	16861420	rs12484792	0.455157
22	16054454	rs7286962	22	16862178	rs62638144	0.455157
22	16054454	rs7286962	22	16866125	rs62223281	0.445254
22	16054713	rs9604721	22	16063753	rs149906115	0.322969
22	16054713	rs9604721	22	16070918	rs587640805	0.554297
22	16054713	rs9604721	22	16315925	rs9617288	0.465225
22	16054713	rs9604721	22	16551429	rs9617294	0.299452
22	16054713	rs9604721	22	16568293	rs9617301	0.554297
22	16054713	rs9604721	22	16926925	rs139656795	0.274466
22	16054740	rs55926024	22	16058766	rs3001810	0.239546
22	16054740	rs55926024	22	16058767	rs3013001	0.239546
22	16054740	rs55926024	22	16061992	rs2154784	0.684379
22	16054740	rs55926024	22	16063154	rs79600304	0.71486
22	16054740	rs55926024	22	16069771	rs1811029	0.354686
22	16054740	rs55926024	22	16069783	rs1963212	0.334276
22	16055122	rs117246541	22	16057417	rs62224618	0.748582
22	16055122	rs117246541	22	16062988	rs372511672	0.632896
22	16055122	rs117246541	22	16063369	rs2844853	0.566899
22	16055122	rs117246541	22	16067118	rs587634273	0.209414
22	16055122	rs117246541	22	16143946	rs2334338	0.456174
22	16055122	rs117246541	22	16159060	rs4643631	0.533578
22	16055122	rs117246541	22	16220993	rs62224487	0.328538
22	16055122	rs117246541	22	16239979	rs62224542	0.377746
22	16055122	rs117246541	22	16242072	rs62224545	0.38926
22	16055122	rs117246541	22	16430941	rs569813032	0.214897
22	16055122	rs117246541	22	16614020	rs529176102	0.238241
22	16055122	rs117246541	22	16661974	rs117763721	0.218241
22	16055122	rs117246541	22	16689736	rs557698873	0.21419
22	16055122	rs117246541	22	16693293	rs200510071	0.202827
22	16055122	rs117246541	22	16848545	rs62221845	0.263211
22	16055122	rs117246541	22	16848633	rs62221849	0.278493
22	16055122	rs117246541	22	16850452	rs201533041	0.278493
22	16055122	rs117246541	22	16853328	rs62638134	0.292481
22	16055122	rs117246541	22	16854880	rs76135973	0.249758
22	16055122	rs117246541	22	16855280	rs202020360	0.292481
22	16055122	rs117246541	22	16857952	rs62638135	0.286863
22	16055122	rs117246541	22	16860199	rs202244392	0.250923
22	16055122	rs117246541	22	16860205	rs12484581	0.292481
22	16055122	rs117246541	22	16861280	rs201356468	0.292481
22	16055122	rs117246541	22	16861339	rs12483832	0.353056
22	16055122	rs117246541	22	16861420	rs12484792	0.292481
22	16055122	rs117246541	22	16862178	rs62638144	0.292481
22	16055122	rs117246541	22	16866125	rs62223281	0.28192
22	16055171	rs12628452	22	16057310	rs138295790	1
22	16055171	rs12628452	22	16886339	rs117259337	0.215444
22	16055171	rs12628452	22	16887280	rs188676775	0.367236
22	16055171	rs12628452	22	16888784	rs146524247	0.215444
22	16055171	rs12628452	22	16892411	rs147991245	0.241141
22	16055171	rs12628452	22	16894524	rs138094096	0.23605
22	16055171	rs12628452	22	16896334	rs138187675	0.23605
22	16055171	rs12628452	22	16896705	rs142483495	0.23605
22	16055171	rs12628452	22	16897176	rs371054540	0.23605
22	16055171	rs12628452	22	16897765	rs191158557	0.23605
22	16055171	rs12628452	22	16900393	rs147661615	0.226056
22	16055171	rs12628452	22	16902391	rs150492437	0.220869
22	16055171	rs12628452	22	16904583	rs139711966	0.220869
22	16055171	rs12628452	22	16913288	rs537503085	0.31188
22	16055171	rs12628452	22	16948071	rs552185210	0.388337
22	16055171	rs12628452	22	16951707	rs140363579	0.388337
22	16055171	rs12628452	22	16959241	rs570342273	0.448592
22	16055171	rs12628452	22	17004787	rs113919275	0.328865
22	16055294	rs587764180	22	16108650	rs573623119	0.342969
22	16055294	rs587764180	22	16113914	rs529318175	0.796674
22	16055294	rs587764180	22	16469046	rs560691705	0.441914
22	16055294	rs587764180	22	16642733	rs554433112	0.212274
22	16055294	rs587764180	22	17015434	rs562592889	0.303453
22	16055294	rs587764180	22	25640781	rs113012407	0.220091
22	16055294	rs587764180	22	25643563	rs111728768	0.220091
22	16055858	rs62224616	22	16217910	rs11705047	0.218188
22	16055858	rs62224616	22	16433158	rs62222524	0.230984
22	16055858	rs62224616	22	16519289	rs62223235	0.213517
22	16055858	rs62224616	22	16527997	rs61971628	0.632953
22	16055858	rs62224616	22	16539489	rs11704048	0.251383
22	16055858	rs62224616	22	16545332	rs11703989	0.254581
22	16055858	rs62224616	22	16579143	rs62221125	0.242069
22	16055858	rs62224616	22	16581268	rs62221132	0.758243
22	16055858	rs62224616	22	16584749	rs530262553	0.202045
22	16055858	rs62224616	22	16868759	rs62223289	0.435689
22	16055942	rs738830	22	16059973	rs148791235	0.38253
22	16055942	rs738830	22	16060797	rs1970637	0.789717
22	16055942	rs738830	22	16061992	rs2154784	0.209493
22	16055942	rs738830	22	16063154	rs79600304	0.207947
22	16055942	rs738830	22	16113892	rs1988024	0.405719
22	16055942	rs738830	22	16856592	rs55785029	0.281978
22	16057310	rs138295790	22	16886339	rs117259337	0.215444
22	16057310	rs138295790	22	16887280	rs188676775	0.367236
22	16057310	rs138295790	22	16888784	rs146524247	0.215444
22	16057310	rs138295790	22	16892411	rs147991245	0.241141
22	16057310	rs138295790	22	16894524	rs138094096	0.23605
22	16057310	rs138295790	22	16896334	rs138187675	0.23605
22	16057310	rs138295790	22	16896705	rs142483495	0.23605
22	16057310	rs138295790	22	16897176	rs371054540	0.23605
22	16057310	rs138295790	22	16897765	rs191158557	0.23605
22	16057310	rs138295790	22	16900393	rs147661615	0.226056
22	16057310	rs138295790	22	16902391	rs150492437	0.220869
22	16057310	rs138295790	22	16904583	rs139711966	0.220869
22	16057310	rs138295790	22	16913288	rs537503085	0.31188
22	16057310	rs138295790	22	16948071	rs552185210	0.388337
22	16057310	rs138295790	22	16951707	rs140363579	0.388337
22	16057310	rs138295790	22	16959241	rs570342273	0.448592
22	16057310	rs138295790	22	17004787	rs113919275	0.328865
22	16057320	rs190581814	22	16208755	rs144647412	0.416265
22	16057320	rs190581814	22	16208872	rs550885497	0.363836
22	16057320	rs190581814	22	16255526	rs12484198	0.387667
22	16057320	rs190581814	22	16357100	rs572797024	0.242262
22	16057320	rs190581814	22	16489747	rs537922193	0.204408
22	16057320	rs190581814	22	16534156	rs137964151	0.441521
22	16057320	rs190581814	22	16554886	rs78922722	0.427727
22	16057320	rs190581814	22	16855426	rs369963593	0.639041
22	16057320	rs190581814	22	16932330	rs539456786	0.200317
22	16057320	rs190581814	22	16939121	rs200043256	0.200317
22	16057417	rs62224618	22	16062988	rs372511672	0.700027
22	16057417	rs62224618	22	16063369	rs2844853	0.64855
22	16057417	rs62224618	22	16143946	rs2334338	0.468249
22	16057417	rs62224618	22	16159060	rs4643631	0.570101
22	16057417	rs62224618	22	16220993	rs62224487	0.238976
22	16057417	rs62224618	22	16239979	rs62224542	0.271548
22	16057417	rs62224618	22	16242072	rs62224545	0.279848
22	16057417	rs62224618	22	16614020	rs529176102	0.231114
22	16057417	rs62224618	22	16661974	rs117763721	0.215049
22	16057417	rs62224618	22	16689736	rs557698873	0.209371
22	16057417	rs62224618	22	16848545	rs62221845	0.395204
22	16057417	rs62224618	22	16848633	rs62221849	0.417098
22	16057417	rs62224618	22	16850452	rs201533041	0.417098
22	16057417	rs62224618	22	16853328	rs62638134	0.437687
22	16057417	rs62224618	22	16854880	rs76135973	0.376314
22	16057417	rs62224618	22	16855280	rs202020360	0.437687
22	16057417	rs62224618	22	16857952	rs62638135	0.429634
22	16057417	rs62224618	22	16860199	rs202244392	0.399868
22	16057417	rs62224618	22	16860205	rs12484581	0.437687
22	16057417	rs62224618	22	16861280	rs201356468	0.437687
22	16057417	rs62224618	22	16861339	rs12483832	0.332615
22	16057417	rs62224618	22	16861420	rs12484792	0.437687
22	16057417	rs62224618	22	16862178	rs62638144	0.437687
22	16057417	rs62224618	22	16866125	rs62223281	0.428153
22	16058070	rs2843238	22	16850642	rs550924582	0.408956
22	16058758	rs55788128	22	16061016	rs9617528	0.679217
22	16058758	rs55788128	22	16064992	rs5746303	0.655925
22	16058758	rs55788128	22	16070078	rs10854494	0.443958
22	16058766	rs3001810	22	16058767	rs3013001	1
22	16058766	rs3001810	22	16061992	rs2154784	0.353958
22	16058766	rs3001810	22	16063154	rs79600304	0.339723
22	16058766	rs3001810	22	16069771	rs1811029	0.25141
22	16058766	rs3001810	22	16069783	rs1963212	0.22221
22	16058767	rs3013001	22	16061992	rs2154784	0.353958
22	16058767	rs3013001	22	16063154	rs79600304	0.339723
22	16058767	rs3013001	22	16069771	rs1811029	0.25141
22	16058767	rs3013001	22	16069783	rs1963212	0.22221
22	16059973	rs148791235	22	16060797	rs1970637	0.390266
22	16059973	rs148791235	22	16113892	rs1988024	0.26888
22	16059973	rs148791235	22	16849984	rs139191924	0.297506
22	16060513	rs202125193	22	16060515	rs200287973	1
22	16060513	rs202125193	22	16060517	rs9604663	1
22	16060513	rs202125193	22	16060567	rs143164330	1
22	16060515	rs200287973	22	16060517	rs9604663	1
22	16060515	rs200287973	22	16060567	rs143164330	1
22	16060517	rs9604663	22	16060567	rs143164330	1
22	16060732	rs186144480	22	16145013	rs531502381	0.289249
22	16060757	rs189714775	22	16405179	rs538987007	0.228497
22	16060757	rs189714775	22	16414942	rs529793745	0.219671
22	16060757	rs189714775	22	16869510	rs185518626	0.279634
22	16060757	rs189714775	22	16871037	rs117873986	0.290297
22	16060757	rs189714775	22	16905432	rs138793096	0.251775
22	16060757	rs189714775	22	17022934	rs188516468	0.663687
22	16060757	rs189714775	22	17066931	rs116943169	0.465968
22	16060757	rs189714775	22	17082222	rs373541057	0.274723
22	16060757	rs189714775	22	17112770	rs140946718	0.416032
22	16060757	rs189714775	22	39109333	rs143547765	0.217176
22	16060797	rs1970637	22	16061992	rs2154784	0.211582
22	16060797	rs1970637	22	16063154	rs79600304	0.205228
22	16060797	rs1970637	22	16113892	rs1988024	0.52475
22	16060797	rs1970637	22	16856592	rs55785029	0.221488
22	16061016	rs9617528	22	16064992	rs5746303	0.86199
22	16061016	rs9617528	22	16070078	rs10854494	0.56576
22	16061016	rs9617528	22	16849933	rs34165476	0.208398
22	16061992	rs2154784	22	16063154	rs79600304	0.954402
22	16061992	rs2154784	22	16069771	rs1811029	0.498125
22	16061992	rs2154784	22	16069783	rs1963212	0.470303
22	16062096	rs587600953	22	16119010	rs542794028	0.463617
22	16062096	rs587600953	22	16185069	rs7284502	0.424231
22	16062096	rs587600953	22	16193248	rs12627886	0.324671
22	16062096	rs587600953	22	16193549	rs554615706	0.309884
22	16062096	rs587600953	22	16195150	rs371133031	0.353915
22	16062096	rs587600953	22	16200329	rs200528186	0.303003
22	16062096	rs587600953	22	16201235	rs2716382	0.2807
22	16062096	rs587600953	22	16290842	rs61971008	0.238533
22	16062096	rs587600953	22	16388032	rs562318961	0.200468
22	16062096	rs587600953	22	16439593	rs199989910	0.204656
22	16062096	rs587600953	22	16440500	rs202204800	0.204656
22	16062096	rs587600953	22	16441330	rs200759170	0.24846
22	16062096	rs587600953	22	16441441	rs201879274	0.24846
22	16062096	rs587600953	22	16442005	rs200635547	0.24846
22	16062096	rs587600953	22	16444235	rs199810539	0.24846
22	16062096	rs587600953	22	16458883	rs200639740	0.24846
22	16062096	rs587600953	22	16459520	rs199955788	0.24846
22	16062096	rs587600953	22	16464502	rs2309039	0.282475
22	16062096	rs587600953	22	16474473	rs200598360	0.264436
22	16062096	rs587600953	22	16480319	rs570556046	0.23399
22	16062096	rs587600953	22	16481549	rs12628801	0.264436
22	16062096	rs587600953	22	16482298	rs7510928	0.273174
22	16062096	rs587600953	22	16493610	rs200372644	0.264436
22	16062096	rs587600953	22	16497038	rs139358392	0.256213
22	16062096	rs587600953	22	16503851	rs2212223	0.250804
22	16062096	rs587600953	22	16504850	rs200204974	0.256213
22	16062096	rs587600953	22	16507597	rs144355890	0.24846
22	16062096	rs587600953	22	16511179	rs201084508	0.24846
22	16062096	rs587600953	22	16512787	rs186849518	0.264436
22	16062096	rs587600953	22	16512938	rs377658961	0.24846
22	16062096	rs587600953	22	16512997	rs537857406	0.24846
22	16062096	rs587600953	22	16513041	rs8190182	0.24846
22	16062096	rs587600953	22	16513162	rs200691663	0.24846
22	16062096	rs587600953	22	16515630	rs370927714	0.24846
22	16062096	rs587600953	22	16517002	rs549935576	0.24846
22	16062096	rs587600953	22	16522740	rs548496952	0.24846
22	16062096	rs587600953	22	16524775	rs573154020	0.24846
22	16062096	rs587600953	22	16524945	rs370143622	0.24846
22	16062096	rs587600953	22	16527510	rs12628649	0.278753
22	16062096	rs587600953	22	16527574	rs12628392	0.278753
22	16062096	rs587600953	22	16535764	rs201052137	0.278753
22	16062096	rs587600953	22	16537207	rs143146530	0.278753
22	16062096	rs587600953	22	16538159	rs376386675	0.204656
22	16062096	rs587600953	22	16540870	rs200079835	0.278753
22	16062096	rs587600953	22	16543563	rs535173837	0.204656
22	16062096	rs587600953	22	16545823	rs12627785	0.24846
22	16062096	rs587600953	22	16546581	rs9628422	0.21551
22	16062096	rs587600953	22	16546923	rs12628906	0.24846
22	16062096	rs587600953	22	16547075	rs12627922	0.24846
22	16062096	rs587600953	22	16553555	rs200333264	0.24846
22	16062096	rs587600953	22	16554781	rs12628869	0.24846
22	16062096	rs587600953	22	16555820	rs551612549	0.24846
22	16062096	rs587600953	22	16556554	rs201362064	0.24846
22	16062096	rs587600953	22	16557488	rs150236477	0.24846
22	16062096	rs587600953	22	16560233	rs199529736	0.24846
22	16062096	rs587600953	22	16567323	rs12628521	0.286686
22	16062096	rs587600953	22	16568404	rs200386828	0.241137
22	16062096	rs587600953	22	16569666	rs12628520	0.2238
22	16062096	rs587600953	22	16573431	rs541311402	0.24846
22	16062096	rs587600953	22	16574987	rs199744188	0.24846
22	16062096	rs587600953	22	16578328	rs564070021	0.24846
22	16062096	rs587600953	22	16580670	rs200483765	0.225947
22	16062096	rs587600953	22	16581642	rs201151756	0.24846
22	16062096	rs587600953	22	16582763	rs529937835	0.24846
22	16062096	rs587600953	22	16582964	rs548179630	0.24846
22	16062096	rs587600953	22	16583779	rs536501228	0.24846
22	16062096	rs587600953	22	16583965	rs139611507	0.24846
22	16062096	rs587600953	22	16584704	rs12628130	0.227604
22	16062096	rs587600953	22	16588531	rs201451756	0.227604
22	16062096	rs587600953	22	16590351	rs8190120	0.227604
22	16062096	rs587600953	22	16590668	rs147257289	0.227604
22	16062096	rs587600953	22	16590900	rs117347043	0.227604
22	16062096	rs587600953	22	16591627	rs201574129	0.227604
22	16062096	rs587600953	22	16595552	rs117578132	0.227604
22	16062096	rs587600953	22	16597915	rs529323010	0.234169
22	16062096	rs587600953	22	16599209	rs373555361	0.234169
22	16062096	rs587600953	22	16599351	rs200990018	0.234169
22	16062096	rs587600953	22	16607130	rs372890903	0.227604
22	16062096	rs587600953	22	16609433	rs369554167	0.227604
22	16062096	rs587600953	22	16610009	rs200911774	0.227604
22	16062096	rs587600953	22	16610682	rs202061916	0.227604
22	16062096	rs587600953	22	16611158	rs555859711	0.227604
22	16062096	rs587600953	22	16612634	rs201154704	0.227604
22	16062096	rs587600953	22	16613932	rs12627994	0.24846
22	16062096	rs587600953	22	16615463	rs200566950	0.24846
22	16062096	rs587600953	22	16615781	rs138615536	0.24846
22	16062096	rs587600953	22	16616889	rs201637044	0.24846
22	16062096	rs587600953	22	16617490	rs201094968	0.24846
22	16062096	rs587600953	22	16617844	rs200190988	0.24846
22	16062096	rs587600953	22	16619898	rs201271695	0.24846
22	16062096	rs587600953	22	16620189	rs200718442	0.24846
22	16062096	rs587600953	22	16622911	rs373703032	0.24846
22	16062096	rs587600953	22	16626155	rs373169383	0.24846
22	16062096	rs587600953	22	16626451	rs199650054	0.24846
22	16062096	rs587600953	22	16629874	rs201957655	0.256213
22	16062096	rs587600953	22	16632677	rs538385206	0.256213
22	16062096	rs587600953	22	16636977	rs545360949	0.218406
22	16062096	rs587600953	22	16641298	rs201053955	0.256213
22	16062096	rs587600953	22	16641660	rs192479180	0.256213
22	16062096	rs587600953	22	16642105	rs199503349	0.256213
22	16062096	rs587600953	22	16646326	rs542704977	0.225947
22	16062096	rs587600953	22	16649006	rs202107298	0.264436
22	16062096	rs587600953	22	16650488	rs200972516	0.225947
22	16062096	rs587600953	22	16653353	rs12628324	0.264436
22	16062096	rs587600953	22	16660206	rs369062102	0.221527
22	16062096	rs587600953	22	16691408	rs566046126	0.212425
22	16062096	rs587600953	22	16692181	rs201540471	0.242588
22	16062270	rs182063228	22	16218188	rs539279955	0.207676
22	16062270	rs182063228	22	16340493	rs573374565	0.246515
22	16062270	rs182063228	22	16440817	rs535559868	0.389273
22	16062270	rs182063228	22	16646193	rs535329003	0.278053
22	16062270	rs182063228	22	16669388	rs188661104	0.374663
22	16062270	rs182063228	22	16671764	rs556223576	0.319456
22	16062988	rs372511672	22	16063369	rs2844853	0.892698
22	16062988	rs372511672	22	16067118	rs587634273	0.204667
22	16062988	rs372511672	22	16069784	rs587666830	0.205738
22	16062988	rs372511672	22	16143946	rs2334338	0.327073
22	16062988	rs372511672	22	16159060	rs4643631	0.48576
22	16062988	rs372511672	22	16239979	rs62224542	0.223236
22	16062988	rs372511672	22	16242072	rs62224545	0.233212
22	16062988	rs372511672	22	16848545	rs62221845	0.277972
22	16062988	rs372511672	22	16848633	rs62221849	0.293145
22	16062988	rs372511672	22	16850452	rs201533041	0.293145
22	16062988	rs372511672	22	16853328	rs62638134	0.307537
22	16062988	rs372511672	22	16854880	rs76135973	0.252326
22	16062988	rs372511672	22	16855280	rs202020360	0.307537
22	16062988	rs372511672	22	16857952	rs62638135	0.301955
22	16062988	rs372511672	22	16860199	rs202244392	0.263008
22	16062988	rs372511672	22	16860205	rs12484581	0.307537
22	16062988	rs372511672	22	16861280	rs201356468	0.307537
22	16062988	rs372511672	22	16861339	rs12483832	0.384234
22	16062988	rs372511672	22	16861420	rs12484792	0.307537
22	16062988	rs372511672	22	16862178	rs62638144	0.307537
22	16062988	rs372511672	22	16866125	rs62223281	0.313272
22	16062988	rs372511672	22	16929935	rs150891204	0.211481
22	16062995	rs587627764	22	16150968	rs539153730	0.338748
22	16063154	rs79600304	22	16069771	rs1811029	0.489623
22	16063154	rs79600304	22	16069783	rs1963212	0.463073
22	16063369	rs2844853	22	16069784	rs587666830	0.223546
22	16063369	rs2844853	22	16143946	rs2334338	0.281372
22	16063369	rs2844853	22	16159060	rs4643631	0.453866
22	16063369	rs2844853	22	16848545	rs62221845	0.228378
22	16063369	rs2844853	22	16848633	rs62221849	0.241107
22	16063369	rs2844853	22	16850452	rs201533041	0.241107
22	16063369	rs2844853	22	16853328	rs62638134	0.253035
22	16063369	rs2844853	22	16854880	rs76135973	0.209626
22	16063369	rs2844853	22	16855280	rs202020360	0.253035
22	16063369	rs2844853	22	16857952	rs62638135	0.248354
22	16063369	rs2844853	22	16860199	rs202244392	0.209589
22	16063369	rs2844853	22	16860205	rs12484581	0.253035
22	16063369	rs2844853	22	16861280	rs201356468	0.253035
22	16063369	rs2844853	22	16861339	rs12483832	0.312568
22	16063369	rs2844853	22	16861420	rs12484792	0.253035
22	16063369	rs2844853	22	16862178	rs62638144	0.253035
22	16063369	rs2844853	22	16866125	rs62223281	0.257845
22	16063753	rs149906115	22	16070918	rs587640805	0.743711
22	16063753	rs149906115	22	16194504	rs9604678	0.259515
22	16063753	rs149906115	22	16217433	rs9604686	0.259515
22	16063753	rs149906115	22	16315925	rs9617288	0.546361
22	16063753	rs149906115	22	16551429	rs9617294	0.44441
22	16063753	rs149906115	22	16568293	rs9617301	0.621086
22	16063753	rs149906115	22	16852090	rs375472965	0.309369
22	16063753	rs149906115	22	16858666	rs9605299	0.299357
22	16063753	rs149906115	22	16888353	rs574823003	0.304157
22	16063753	rs149906115	22	16926925	rs139656795	0.368256
22	16063753	rs149906115	22	17070109	rs13053626	0.260921
22	16063753	rs149906115	22	17135196	rs138875401	0.278343
22	16063753	rs149906115	22	17145368	rs185839497	0.278343
22	16064992	rs5746303	22	16070078	rs10854494	0.592786
22	16064992	rs5746303	22	16849933	rs34165476	0.211701
22	16065809	rs201006175	22	16065812	rs202131888	1
22	16067118	rs587634273	22	16143946	rs2334338	0.220558
22	16067118	rs587634273	22	16580644	rs149725799	0.327856
22	16067118	rs587634273	22	16595023	rs536686224	0.290318
22	16067118	rs587634273	22	16861339	rs12483832	0.245343
22	16067118	rs587634273	22	16929935	rs150891204	0.301696
22	16067418	rs587720490	22	16129025	rs144286504	0.632713
22	16067418	rs587720490	22	16136294	rs543751921	0.365671
22	16067418	rs587720490	22	16436588	rs141585725	0.519077
22	16067418	rs587720490	22	16585136	rs571102410	0.258419
22	16069771	rs1811029	22	16069783	rs1963212	0.948436
22	16070711	rs587635389	22	16557563	rs567347356	0.258966
22	16070711	rs587635389	22	48691839	rs73481444	0.528931
22	16070918	rs587640805	22	16315925	rs9617288	0.69719
22	16070918	rs587640805	22	16551429	rs9617294	0.434267
22	16070918	rs587640805	22	16568293	rs9617301	0.758243
22	16070918	rs587640805	22	16852090	rs375472965	0.321462
22	16070918	rs587640805	22	16858666	rs9605299	0.351185
22	16070918	rs587640805	22	16888353	rs574823003	0.270367
22	16070918	rs587640805	22	16926925	rs139656795	0.4326
22	16070918	rs587640805	22	17070109	rs13053626	0.279538
22	16070918	rs587640805	22	17135196	rs138875401	0.346678
22	16070918	rs587640805	22	17145368	rs185839497	0.346678
22	16070918	rs587640805	22	17327068	rs165588	0.204692
22	16077652	rs527369044	22	16077654	rs552032384	1
22	16108650	rs573623119	22	16113914	rs529318175	0.435204
22	16113914	rs529318175	22	16201178	rs543047523	0.218674
22	16113914	rs529318175	22	16469046	rs560691705	0.382868
22	16113914	rs529318175	22	17015434	rs562592889	0.241753
22	16113914	rs529318175	22	17234592	rs557019937	0.218674
22	16113914	rs529318175	22	17234881	rs187244229	0.218674
22	16113914	rs529318175	22	25640781	rs113012407	0.278053
22	16113914	rs529318175	22	25643563	rs111728768	0.278053
22	16119010	rs542794028	22	16185069	rs7284502	0.328971
22	16119010	rs542794028	22	16193248	rs12627886	0.228192
22	16119010	rs542794028	22	16193549	rs554615706	0.299823
22	16119010	rs542794028	22	16195150	rs371133031	0.275341
22	16119010	rs542794028	22	16200329	rs200528186	0.236512
22	16119010	rs542794028	22	16290842	rs61971008	0.202712
22	16119010	rs542794028	22	16388032	rs562318961	0.321874
22	16119010	rs542794028	22	16464502	rs2309039	0.220858
22	16119010	rs542794028	22	16474473	rs200598360	0.207102
22	16119010	rs542794028	22	16480319	rs570556046	0.228424
22	16119010	rs542794028	22	16481549	rs12628801	0.207102
22	16119010	rs542794028	22	16482298	rs7510928	0.213764
22	16119010	rs542794028	22	16493610	rs200372644	0.207102
22	16119010	rs542794028	22	16497038	rs139358392	0.200831
22	16119010	rs542794028	22	16504850	rs200204974	0.200831
22	16119010	rs542794028	22	16512787	rs186849518	0.207102
22	16119010	rs542794028	22	16538159	rs376386675	0.200831
22	16119010	rs542794028	22	16543563	rs535173837	0.200831
22	16119010	rs542794028	22	16567323	rs12628521	0.242993
22	16119010	rs542794028	22	16578861	rs571201975	0.228424
22	16119010	rs542794028	22	16580670	rs200483765	0.220858
22	16119010	rs542794028	22	16584013	rs8190179	0.249775
22	16119010	rs542794028	22	16589123	rs370576621	0.228192
22	16119010	rs542794028	22	16629874	rs201957655	0.200831
22	16119010	rs542794028	22	16632677	rs538385206	0.200831
22	16119010	rs542794028	22	16636977	rs545360949	0.213764
22	16119010	rs542794028	22	16641298	rs201053955	0.200831
22	16119010	rs542794028	22	16641660	rs192479180	0.200831
22	16119010	rs542794028	22	16642105	rs199503349	0.200831
22	16119010	rs542794028	22	16646326	rs542704977	0.220858
22	16119010	rs542794028	22	16649006	rs202107298	0.207102
22	16119010	rs542794028	22	16650488	rs200972516	0.220858
22	16119010	rs542794028	22	16653353	rs12628324	0.207102
22	16119010	rs542794028	22	16660206	rs369062102	0.275341
22	16129025	rs144286504	22	16136294	rs543751921	0.608988
22	16129025	rs144286504	22	16436588	rs141585725	0.312271
22	16129025	rs144286504	22	16585136	rs571102410	0.402086
22	16129025	rs144286504	22	16890287	rs141958461	0.36588
22	16129025	rs144286504	22	16899347	rs572945192	0.398292
22	16136294	rs543751921	22	16890287	rs141958461	0.230153
22	16136294	rs543751921	22	16899347	rs572945192	0.250514
22	16143946	rs2334338	22	16159060	rs4643631	0.660467
22	16143946	rs2334338	22	16220993	rs62224487	0.332847
22	16143946	rs2334338	22	16239979	rs62224542	0.382494
22	16143946	rs2334338	22	16242072	rs62224545	0.357345
22	16143946	rs2334338	22	16444775	rs554413643	0.223783
22	16143946	rs2334338	22	16488635	rs3949130	0.205555
22	16143946	rs2334338	22	16488702	rs200167968	0.208858
22	16143946	rs2334338	22	16495833	rs79847867	0.212229
22	16143946	rs2334338	22	16498458	rs200058026	0.208844
22	16143946	rs2334338	22	16514898	rs200867508	0.212144
22	16143946	rs2334338	22	16547212	rs531887850	0.260786
22	16143946	rs2334338	22	16614020	rs529176102	0.27045
22	16143946	rs2334338	22	16630698	rs199934969	0.217632
22	16143946	rs2334338	22	16631855	rs142850344	0.221342
22	16143946	rs2334338	22	16636916	rs553660372	0.217632
22	16143946	rs2334338	22	16643846	rs376053300	0.206937
22	16143946	rs2334338	22	16645075	rs375895674	0.210544
22	16143946	rs2334338	22	16661974	rs117763721	0.281544
22	16143946	rs2334338	22	16689736	rs557698873	0.312925
22	16143946	rs2334338	22	16690311	rs201273174	0.255786
22	16143946	rs2334338	22	16693293	rs200510071	0.236232
22	16143946	rs2334338	22	16861339	rs12483832	0.201358
22	16152552	rs8140386	22	16152553	rs8138685	1
22	16159016	rs201245552	22	16208384	rs540647246	0.744114
22	16159016	rs201245552	22	16225377	rs537038823	0.63422
22	16159016	rs201245552	22	16252639	rs528093853	0.449711
22	16159016	rs201245552	22	16425765	rs558782218	0.572196
22	16159016	rs201245552	22	16427542	rs562898204	0.214028
22	16159016	rs201245552	22	16510678	rs542219957	0.41038
22	16159016	rs201245552	22	16582560	rs577780711	0.492644
22	16159016	rs201245552	22	16585745	rs576267169	0.312505
22	16159016	rs201245552	22	16617945	rs556295958	0.492644
22	16159016	rs201245552	22	16651010	rs537734030	0.271312
22	16159016	rs201245552	22	16671670	rs540913777	0.271312
22	16159016	rs201245552	22	16674037	rs559983507	0.389401
22	16159016	rs201245552	22	16852442	rs543049185	0.255228
22	16159016	rs201245552	22	16879744	rs530123253	0.252164
22	16159016	rs201245552	22	16902163	rs565676363	0.213652
22	16159016	rs201245552	22	16931326	rs536801712	0.239276
22	16159016	rs201245552	22	17065936	rs569943898	0.252164
22	16159016	rs201245552	22	17314967	rs117250341	0.21633
22	16159016	rs201245552	22	17358339	rs558940919	0.242277
22	16159060	rs4643631	22	16220993	rs62224487	0.426596
22	16159060	rs4643631	22	16239979	rs62224542	0.524845
22	16159060	rs4643631	22	16242072	rs62224545	0.498523
22	16159060	rs4643631	22	16430941	rs569813032	0.250695
22	16159060	rs4643631	22	16444775	rs554413643	0.222304
22	16159060	rs4643631	22	16464274	rs370772954	0.231553
22	16159060	rs4643631	22	16488635	rs3949130	0.25954
22	16159060	rs4643631	22	16488702	rs200167968	0.263688
22	16159060	rs4643631	22	16495833	rs79847867	0.267922
22	16159060	rs4643631	22	16498458	rs200058026	0.273721
22	16159060	rs4643631	22	16514898	rs200867508	0.255493
22	16159060	rs4643631	22	16528818	rs199576657	0.25984
22	16159060	rs4643631	22	16536723	rs202050260	0.231313
22	16159060	rs4643631	22	16547212	rs531887850	0.295452
22	16159060	rs4643631	22	16614020	rs529176102	0.343377
22	16159060	rs4643631	22	16630698	rs199934969	0.2666
22	16159060	rs4643631	22	16631855	rs142850344	0.258161
22	16159060	rs4643631	22	16636916	rs553660372	0.2666
22	16159060	rs4643631	22	16643846	rs376053300	0.258161
22	16159060	rs4643631	22	16645075	rs375895674	0.262652
22	16159060	rs4643631	22	16661974	rs117763721	0.324298
22	16159060	rs4643631	22	16689736	rs557698873	0.344655
22	16159060	rs4643631	22	16690311	rs201273174	0.289301
22	16159060	rs4643631	22	16693293	rs200510071	0.284471
22	16159864	rs563320830	22	16198076	rs372466710	0.619127
22	16159864	rs563320830	22	16373054	rs558629092	0.377539
22	16159864	rs563320830	22	16483742	rs577647541	0.328798
22	16159864	rs563320830	22	16537718	rs10154296	0.516638
22	16159864	rs563320830	22	16560310	rs111513629	0.541037
22	16159864	rs563320830	22	16562112	rs373029643	0.502558
22	16159864	rs563320830	22	16576628	rs368849049	0.640575
22	16159864	rs563320830	22	16590486	rs370658453	0.686583
22	16159864	rs563320830	22	16595429	rs181107238	0.686583
22	16159864	rs563320830	22	16656574	rs549690152	0.43147
22	16159864	rs563320830	22	16859896	rs539486484	0.207604
22	16159864	rs563320830	22	16892537	rs577396055	0.206555
22	16170724	rs528436526	22	16229267	rs531958882	0.288961
22	16170724	rs528436526	22	16419610	rs149246829	0.325679
22	16170724	rs528436526	22	16617254	rs551040412	0.371424
22	16170724	rs528436526	22	16673312	rs529533383	0.409773
22	16170724	rs528436526	22	42319669	rs79006183	0.207676
22	16170724	rs528436526	22	42584213	rs144686319	0.207676
22	16170766	rs9604670	22	16205515	rs144309057	0.395502
22	16170766	rs9604670	22	16647856	rs558518262	0.204838
22	16173570	rs551054214	22	16546199	rs145593513	0.283035
22	16173570	rs551054214	22	16610389	rs574406913	0.264293
22	16173570	rs551054214	22	16667813	rs117458684	0.204404
22	16185069	rs7284502	22	16192519	rs530821175	0.336147
22	16185069	rs7284502	22	16193248	rs12627886	0.860981
22	16185069	rs7284502	22	16193549	rs554615706	0.821954
22	16185069	rs7284502	22	16195150	rs371133031	0.834181
22	16185069	rs7284502	22	16200329	rs200528186	0.714119
22	16185069	rs7284502	22	16201138	rs8141148	0.267299
22	16185069	rs7284502	22	16201235	rs2716382	0.521956
22	16185069	rs7284502	22	16212480	rs372779614	0.577938
22	16185069	rs7284502	22	16212542	rs377395690	0.577938
22	16185069	rs7284502	22	16212580	rs8135420	0.577938
22	16185069	rs7284502	22	16218680	rs201116495	0.534769
22	16185069	rs7284502	22	16219838	rs202133619	0.512581
22	16185069	rs7284502	22	16287156	rs200521227	0.368494
22	16185069	rs7284502	22	16290842	rs61971008	0.506567
22	16185069	rs7284502	22	16388032	rs562318961	0.23469
22	16185069	rs7284502	22	16430363	rs200408963	0.355989
22	16185069	rs7284502	22	16430601	rs199660409	0.355989
22	16185069	rs7284502	22	16430606	rs200798547	0.355989
22	16185069	rs7284502	22	16430618	rs201639724	0.355989
22	16185069	rs7284502	22	16439593	rs199989910	0.544204
22	16185069	rs7284502	22	16440500	rs202204800	0.544204
22	16185069	rs7284502	22	16441330	rs200759170	0.585495
22	16185069	rs7284502	22	16441441	rs201879274	0.585495
22	16185069	rs7284502	22	16442005	rs200635547	0.585495
22	16185069	rs7284502	22	16444235	rs199810539	0.585495
22	16185069	rs7284502	22	16458883	rs200639740	0.585495
22	16185069	rs7284502	22	16459520	rs199955788	0.585495
22	16185069	rs7284502	22	16460679	rs7511531	0.52034
22	16185069	rs7284502	22	16462088	rs201464764	0.479502
22	16185069	rs7284502	22	16464502	rs2309039	0.6004
22	16185069	rs7284502	22	16471142	rs191567108	0.534523
22	16185069	rs7284502	22	16474473	rs200598360	0.561801
22	16185069	rs7284502	22	16477378	rs377375856	0.240489
22	16185069	rs7284502	22	16480319	rs570556046	0.55763
22	16185069	rs7284502	22	16481549	rs12628801	0.561801
22	16185069	rs7284502	22	16482298	rs7510928	0.580497
22	16185069	rs7284502	22	16493610	rs200372644	0.623171
22	16185069	rs7284502	22	16497038	rs139358392	0.603779
22	16185069	rs7284502	22	16503711	rs377517308	0.307382
22	16185069	rs7284502	22	16503851	rs2212223	0.5324
22	16185069	rs7284502	22	16504850	rs200204974	0.603779
22	16185069	rs7284502	22	16505854	rs201979747	0.439439
22	16185069	rs7284502	22	16507597	rs144355890	0.585495
22	16185069	rs7284502	22	16508801	rs145038732	0.52034
22	16185069	rs7284502	22	16508839	rs200803064	0.52034
22	16185069	rs7284502	22	16511179	rs201084508	0.585495
22	16185069	rs7284502	22	16512787	rs186849518	0.561801
22	16185069	rs7284502	22	16512938	rs377658961	0.585495
22	16185069	rs7284502	22	16512997	rs537857406	0.585495
22	16185069	rs7284502	22	16513041	rs8190182	0.585495
22	16185069	rs7284502	22	16513162	rs200691663	0.585495
22	16185069	rs7284502	22	16515630	rs370927714	0.585495
22	16185069	rs7284502	22	16517002	rs549935576	0.585495
22	16185069	rs7284502	22	16522740	rs548496952	0.585495
22	16185069	rs7284502	22	16524775	rs573154020	0.585495
22	16185069	rs7284502	22	16524945	rs370143622	0.585495
22	16185069	rs7284502	22	16527510	rs12628649	0.59223
22	16185069	rs7284502	22	16527574	rs12628392	0.59223
22	16185069	rs7284502	22	16535764	rs201052137	0.59223
22	16185069	rs7284502	22	16536304	rs150059886	0.361873
22	16185069	rs7284502	22	16537207	rs143146530	0.59223
22	16185069	rs7284502	22	16538159	rs376386675	0.544204
22	16185069	rs7284502	22	16539931	rs200582095	0.405907
22	16185069	rs7284502	22	16540870	rs200079835	0.59223
22	16185069	rs7284502	22	16543563	rs535173837	0.544204
22	16185069	rs7284502	22	16545823	rs12627785	0.585495
22	16185069	rs7284502	22	16546581	rs9628422	0.507792
22	16185069	rs7284502	22	16546923	rs12628906	0.585495
22	16185069	rs7284502	22	16547075	rs12627922	0.585495
22	16185069	rs7284502	22	16553555	rs200333264	0.585495
22	16185069	rs7284502	22	16554781	rs12628869	0.585495
22	16185069	rs7284502	22	16555820	rs551612549	0.585495
22	16185069	rs7284502	22	16556554	rs201362064	0.585495
22	16185069	rs7284502	22	16557488	rs150236477	0.585495
22	16185069	rs7284502	22	16560233	rs199529736	0.585495
22	16185069	rs7284502	22	16567323	rs12628521	0.609211
22	16185069	rs7284502	22	16568404	rs200386828	0.511945
22	16185069	rs7284502	22	16568405	rs201456653	0.527613
22	16185069	rs7284502	22	16569666	rs12628520	0.259504
22	16185069	rs7284502	22	16573431	rs541311402	0.585495
22	16185069	rs7284502	22	16574987	rs199744188	0.585495
22	16185069	rs7284502	22	16578328	rs564070021	0.585495
22	16185069	rs7284502	22	16578861	rs571201975	0.497105
22	16185069	rs7284502	22	16580670	rs200483765	0.538461
22	16185069	rs7284502	22	16581642	rs201151756	0.585495
22	16185069	rs7284502	22	16582763	rs529937835	0.585495
22	16185069	rs7284502	22	16582964	rs548179630	0.585495
22	16185069	rs7284502	22	16583779	rs536501228	0.585495
22	16185069	rs7284502	22	16583965	rs139611507	0.585495
22	16185069	rs7284502	22	16584013	rs8190179	0.204385
22	16185069	rs7284502	22	16584704	rs12628130	0.536336
22	16185069	rs7284502	22	16588531	rs201451756	0.536336
22	16185069	rs7284502	22	16590351	rs8190120	0.536336
22	16185069	rs7284502	22	16590668	rs147257289	0.536336
22	16185069	rs7284502	22	16590900	rs117347043	0.536336
22	16185069	rs7284502	22	16591627	rs201574129	0.536336
22	16185069	rs7284502	22	16592355	rs199748402	0.346498
22	16185069	rs7284502	22	16595552	rs117578132	0.536336
22	16185069	rs7284502	22	16597915	rs529323010	0.55182
22	16185069	rs7284502	22	16599209	rs373555361	0.55182
22	16185069	rs7284502	22	16599351	rs200990018	0.55182
22	16185069	rs7284502	22	16607130	rs372890903	0.536336
22	16185069	rs7284502	22	16609433	rs369554167	0.536336
22	16185069	rs7284502	22	16610009	rs200911774	0.536336
22	16185069	rs7284502	22	16610682	rs202061916	0.536336
22	16185069	rs7284502	22	16611158	rs555859711	0.536336
22	16185069	rs7284502	22	16611577	rs150310176	0.209246
22	16185069	rs7284502	22	16612634	rs201154704	0.536336
22	16185069	rs7284502	22	16613932	rs12627994	0.585495
22	16185069	rs7284502	22	16615463	rs200566950	0.585495
22	16185069	rs7284502	22	16615781	rs138615536	0.585495
22	16185069	rs7284502	22	16616889	rs201637044	0.585495
22	16185069	rs7284502	22	16617490	rs201094968	0.585495
22	16185069	rs7284502	22	16617844	rs200190988	0.585495
22	16185069	rs7284502	22	16619898	rs201271695	0.585495
22	16185069	rs7284502	22	16620189	rs200718442	0.585495
22	16185069	rs7284502	22	16622911	rs373703032	0.585495
22	16185069	rs7284502	22	16626155	rs373169383	0.585495
22	16185069	rs7284502	22	16626451	rs199650054	0.585495
22	16185069	rs7284502	22	16629874	rs201957655	0.603779
22	16185069	rs7284502	22	16632677	rs538385206	0.544204
22	16185069	rs7284502	22	16636977	rs545360949	0.520491
22	16185069	rs7284502	22	16641128	rs200387114	0.231829
22	16185069	rs7284502	22	16641298	rs201053955	0.603779
22	16185069	rs7284502	22	16641660	rs192479180	0.603779
22	16185069	rs7284502	22	16642105	rs199503349	0.603779
22	16185069	rs7284502	22	16646326	rs542704977	0.479893
22	16185069	rs7284502	22	16649006	rs202107298	0.561801
22	16185069	rs7284502	22	16650488	rs200972516	0.479893
22	16185069	rs7284502	22	16653353	rs12628324	0.561801
22	16185069	rs7284502	22	16658027	rs186864051	0.324509
22	16185069	rs7284502	22	16660206	rs369062102	0.410604
22	16185069	rs7284502	22	16664907	rs374792244	0.407389
22	16185069	rs7284502	22	16666807	rs202041211	0.366228
22	16185069	rs7284502	22	16691408	rs566046126	0.451405
22	16185069	rs7284502	22	16692181	rs201540471	0.57812
22	16186682	rs536173286	22	16193458	rs374724710	0.836439
22	16186682	rs536173286	22	16252600	rs4819437	0.251132
22	16186682	rs536173286	22	16265110	rs2212121	0.226293
22	16186682	rs536173286	22	16400371	rs528935526	0.211581
22	16186682	rs536173286	22	16415046	rs546902880	0.474748
22	16186682	rs536173286	22	16432700	rs572416253	0.508751
22	16186682	rs536173286	22	16589610	rs530433199	0.472393
22	16186682	rs536173286	22	16598498	rs574095380	0.472393
22	16186682	rs536173286	22	16637763	rs180720727	0.472393
22	16186682	rs536173286	22	16672145	rs186901093	0.400293
22	16186682	rs536173286	22	16687450	rs547473412	0.322969
22	16186682	rs536173286	22	16851242	rs573715006	0.213975
22	16186682	rs536173286	22	16857742	rs562987593	0.213975
22	16186682	rs536173286	22	16887280	rs188676775	0.213975
22	16192519	rs530821175	22	16193248	rs12627886	0.320412
22	16192519	rs530821175	22	16193549	rs554615706	0.306045
22	16192519	rs530821175	22	16195150	rs371133031	0.280761
22	16192519	rs530821175	22	16200329	rs200528186	0.24066
22	16192519	rs530821175	22	16430363	rs200408963	0.280645
22	16192519	rs530821175	22	16430601	rs199660409	0.280645
22	16192519	rs530821175	22	16430606	rs200798547	0.280645
22	16192519	rs530821175	22	16430618	rs201639724	0.280645
22	16192519	rs530821175	22	16439593	rs199989910	0.203806
22	16192519	rs530821175	22	16440500	rs202204800	0.203806
22	16192519	rs530821175	22	16464502	rs2309039	0.224491
22	16192519	rs530821175	22	16474473	rs200598360	0.210283
22	16192519	rs530821175	22	16477378	rs377375856	0.205633
22	16192519	rs530821175	22	16480319	rs570556046	0.232306
22	16192519	rs530821175	22	16481549	rs12628801	0.210283
22	16192519	rs530821175	22	16482298	rs7510928	0.217165
22	16192519	rs530821175	22	16493610	rs200372644	0.210283
22	16192519	rs530821175	22	16497038	rs139358392	0.203806
22	16192519	rs530821175	22	16504850	rs200204974	0.203806
22	16192519	rs530821175	22	16512787	rs186849518	0.210283
22	16192519	rs530821175	22	16538159	rs376386675	0.203806
22	16192519	rs530821175	22	16539931	rs200582095	0.21929
22	16192519	rs530821175	22	16543563	rs535173837	0.203806
22	16192519	rs530821175	22	16569666	rs12628520	0.221028
22	16192519	rs530821175	22	16578861	rs571201975	0.232306
22	16192519	rs530821175	22	16580670	rs200483765	0.224491
22	16192519	rs530821175	22	16592355	rs199748402	0.21929
22	16192519	rs530821175	22	16629874	rs201957655	0.203806
22	16192519	rs530821175	22	16632677	rs538385206	0.203806
22	16192519	rs530821175	22	16636977	rs545360949	0.217165
22	16192519	rs530821175	22	16641298	rs201053955	0.203806
22	16192519	rs530821175	22	16641660	rs192479180	0.203806
22	16192519	rs530821175	22	16642105	rs199503349	0.203806
22	16192519	rs530821175	22	16646326	rs542704977	0.224491
22	16192519	rs530821175	22	16649006	rs202107298	0.210283
22	16192519	rs530821175	22	16650488	rs200972516	0.224491
22	16192519	rs530821175	22	16653353	rs12628324	0.210283
22	16192519	rs530821175	22	16664907	rs374792244	0.219379
22	16192519	rs530821175	22	16692181	rs201540471	0.24066
22	16192519	rs530821175	22	37693920	rs148243993	0.294442
22	16192519	rs530821175	22	37745455	rs185967830	0.251146
22	16193248	rs12627886	22	16193549	rs554615706	0.866649
22	16193248	rs12627886	22	16195150	rs371133031	0.875372
22	16193248	rs12627886	22	16200329	rs200528186	0.679319
22	16193248	rs12627886	22	16201138	rs8141148	0.251947
22	16193248	rs12627886	22	16201235	rs2716382	0.5688
22	16193248	rs12627886	22	16212480	rs372779614	0.612553
22	16193248	rs12627886	22	16212542	rs377395690	0.612553
22	16193248	rs12627886	22	16212580	rs8135420	0.612553
22	16193248	rs12627886	22	16218680	rs201116495	0.570155
22	16193248	rs12627886	22	16219838	rs202133619	0.550098
22	16193248	rs12627886	22	16287156	rs200521227	0.314946
22	16193248	rs12627886	22	16290842	rs61971008	0.43537
22	16193248	rs12627886	22	16430363	rs200408963	0.449122
22	16193248	rs12627886	22	16430601	rs199660409	0.449122
22	16193248	rs12627886	22	16430606	rs200798547	0.449122
22	16193248	rs12627886	22	16430618	rs201639724	0.449122
22	16193248	rs12627886	22	16439593	rs199989910	0.573728
22	16193248	rs12627886	22	16440500	rs202204800	0.573728
22	16193248	rs12627886	22	16441330	rs200759170	0.614285
22	16193248	rs12627886	22	16441441	rs201879274	0.614285
22	16193248	rs12627886	22	16442005	rs200635547	0.614285
22	16193248	rs12627886	22	16444235	rs199810539	0.614285
22	16193248	rs12627886	22	16458883	rs200639740	0.614285
22	16193248	rs12627886	22	16459520	rs199955788	0.614285
22	16193248	rs12627886	22	16460679	rs7511531	0.551506
22	16193248	rs12627886	22	16462088	rs201464764	0.511252
22	16193248	rs12627886	22	16464502	rs2309039	0.632994
22	16193248	rs12627886	22	16471142	rs191567108	0.57363
22	16193248	rs12627886	22	16474473	rs200598360	0.592286
22	16193248	rs12627886	22	16477378	rs377375856	0.286075
22	16193248	rs12627886	22	16480319	rs570556046	0.591029
22	16193248	rs12627886	22	16481549	rs12628801	0.592286
22	16193248	rs12627886	22	16482298	rs7510928	0.612004
22	16193248	rs12627886	22	16493610	rs200372644	0.65384
22	16193248	rs12627886	22	16497038	rs139358392	0.63348
22	16193248	rs12627886	22	16503711	rs377517308	0.319423
22	16193248	rs12627886	22	16503851	rs2212223	0.55607
22	16193248	rs12627886	22	16504850	rs200204974	0.63348
22	16193248	rs12627886	22	16505854	rs201979747	0.471661
22	16193248	rs12627886	22	16507597	rs144355890	0.614285
22	16193248	rs12627886	22	16508801	rs145038732	0.551506
22	16193248	rs12627886	22	16508839	rs200803064	0.551506
22	16193248	rs12627886	22	16511179	rs201084508	0.614285
22	16193248	rs12627886	22	16512787	rs186849518	0.592286
22	16193248	rs12627886	22	16512938	rs377658961	0.614285
22	16193248	rs12627886	22	16512997	rs537857406	0.614285
22	16193248	rs12627886	22	16513041	rs8190182	0.614285
22	16193248	rs12627886	22	16513162	rs200691663	0.614285
22	16193248	rs12627886	22	16515630	rs370927714	0.614285
22	16193248	rs12627886	22	16517002	rs549935576	0.614285
22	16193248	rs12627886	22	16522740	rs548496952	0.614285
22	16193248	rs12627886	22	16524775	rs573154020	0.614285
22	16193248	rs12627886	22	16524945	rs370143622	0.614285
22	16193248	rs12627886	22	16527510	rs12628649	0.618628
22	16193248	rs12627886	22	16527574	rs12628392	0.618628
22	16193248	rs12627886	22	16535764	rs201052137	0.618628
22	16193248	rs12627886	22	16536304	rs150059886	0.394654
22	16193248	rs12627886	22	16537207	rs143146530	0.618628
22	16193248	rs12627886	22	16538159	rs376386675	0.573728
22	16193248	rs12627886	22	16539931	rs200582095	0.385619
22	16193248	rs12627886	22	16540870	rs200079835	0.618628
22	16193248	rs12627886	22	16543563	rs535173837	0.573728
22	16193248	rs12627886	22	16545823	rs12627785	0.614285
22	16193248	rs12627886	22	16546581	rs9628422	0.532707
22	16193248	rs12627886	22	16546923	rs12628906	0.614285
22	16193248	rs12627886	22	16547075	rs12627922	0.614285
22	16193248	rs12627886	22	16553555	rs200333264	0.614285
22	16193248	rs12627886	22	16554781	rs12628869	0.614285
22	16193248	rs12627886	22	16555820	rs551612549	0.614285
22	16193248	rs12627886	22	16556554	rs201362064	0.614285
22	16193248	rs12627886	22	16557488	rs150236477	0.614285
22	16193248	rs12627886	22	16560233	rs199529736	0.614285
22	16193248	rs12627886	22	16567323	rs12628521	0.636383
22	16193248	rs12627886	22	16568404	rs200386828	0.539706
22	16193248	rs12627886	22	16568405	rs201456653	0.556231
22	16193248	rs12627886	22	16569666	rs12628520	0.308535
22	16193248	rs12627886	22	16573431	rs541311402	0.614285
22	16193248	rs12627886	22	16574987	rs199744188	0.614285
22	16193248	rs12627886	22	16578328	rs564070021	0.614285
22	16193248	rs12627886	22	16578861	rs571201975	0.529999
22	16193248	rs12627886	22	16580670	rs200483765	0.570713
22	16193248	rs12627886	22	16581642	rs201151756	0.614285
22	16193248	rs12627886	22	16582763	rs529937835	0.614285
22	16193248	rs12627886	22	16582964	rs548179630	0.614285
22	16193248	rs12627886	22	16583779	rs536501228	0.614285
22	16193248	rs12627886	22	16583965	rs139611507	0.614285
22	16193248	rs12627886	22	16584013	rs8190179	0.249411
22	16193248	rs12627886	22	16584704	rs12628130	0.562698
22	16193248	rs12627886	22	16588531	rs201451756	0.562698
22	16193248	rs12627886	22	16589123	rs370576621	0.231064
22	16193248	rs12627886	22	16590351	rs8190120	0.562698
22	16193248	rs12627886	22	16590668	rs147257289	0.562698
22	16193248	rs12627886	22	16590900	rs117347043	0.562698
22	16193248	rs12627886	22	16591627	rs201574129	0.562698
22	16193248	rs12627886	22	16592355	rs199748402	0.385619
22	16193248	rs12627886	22	16595552	rs117578132	0.562698
22	16193248	rs12627886	22	16597915	rs529323010	0.578954
22	16193248	rs12627886	22	16599209	rs373555361	0.578954
22	16193248	rs12627886	22	16599351	rs200990018	0.578954
22	16193248	rs12627886	22	16607130	rs372890903	0.562698
22	16193248	rs12627886	22	16609433	rs369554167	0.562698
22	16193248	rs12627886	22	16610009	rs200911774	0.562698
22	16193248	rs12627886	22	16610682	rs202061916	0.562698
22	16193248	rs12627886	22	16611158	rs555859711	0.562698
22	16193248	rs12627886	22	16611577	rs150310176	0.285507
22	16193248	rs12627886	22	16612634	rs201154704	0.562698
22	16193248	rs12627886	22	16613932	rs12627994	0.614285
22	16193248	rs12627886	22	16615463	rs200566950	0.614285
22	16193248	rs12627886	22	16615781	rs138615536	0.614285
22	16193248	rs12627886	22	16616889	rs201637044	0.614285
22	16193248	rs12627886	22	16617490	rs201094968	0.614285
22	16193248	rs12627886	22	16617844	rs200190988	0.614285
22	16193248	rs12627886	22	16619898	rs201271695	0.614285
22	16193248	rs12627886	22	16620189	rs200718442	0.614285
22	16193248	rs12627886	22	16622911	rs373703032	0.614285
22	16193248	rs12627886	22	16626155	rs373169383	0.614285
22	16193248	rs12627886	22	16626451	rs199650054	0.614285
22	16193248	rs12627886	22	16629874	rs201957655	0.63348
22	16193248	rs12627886	22	16632677	rs538385206	0.573728
22	16193248	rs12627886	22	16636977	rs545360949	0.551666
22	16193248	rs12627886	22	16641128	rs200387114	0.325612
22	16193248	rs12627886	22	16641298	rs201053955	0.63348
22	16193248	rs12627886	22	16641660	rs192479180	0.63348
22	16193248	rs12627886	22	16642105	rs199503349	0.63348
22	16193248	rs12627886	22	16646326	rs542704977	0.511656
22	16193248	rs12627886	22	16649006	rs202107298	0.592286
22	16193248	rs12627886	22	16650488	rs200972516	0.511656
22	16193248	rs12627886	22	16652835	rs568715115	0.229225
22	16193248	rs12627886	22	16653353	rs12628324	0.592286
22	16193248	rs12627886	22	16658027	rs186864051	0.357353
22	16193248	rs12627886	22	16660206	rs369062102	0.447625
22	16193248	rs12627886	22	16664907	rs374792244	0.513717
22	16193248	rs12627886	22	16666807	rs202041211	0.471338
22	16193248	rs12627886	22	16691408	rs566046126	0.488015
22	16193248	rs12627886	22	16692181	rs201540471	0.612747
22	16193458	rs374724710	22	16252600	rs4819437	0.251132
22	16193458	rs374724710	22	16265110	rs2212121	0.226293
22	16193458	rs374724710	22	16400371	rs528935526	0.211581
22	16193458	rs374724710	22	16415046	rs546902880	0.359862
22	16193458	rs374724710	22	16432700	rs572416253	0.398292
22	16193458	rs374724710	22	16589610	rs530433199	0.370099
22	16193458	rs374724710	22	16598498	rs574095380	0.370099
22	16193458	rs374724710	22	16637763	rs180720727	0.370099
22	16193458	rs374724710	22	16672145	rs186901093	0.303424
22	16193458	rs374724710	22	16687450	rs547473412	0.322969
22	16193458	rs374724710	22	16887280	rs188676775	0.213975
22	16193549	rs554615706	22	16195150	rs371133031	0.916738
22	16193549	rs554615706	22	16200329	rs200528186	0.714466
22	16193549	rs554615706	22	16201138	rs8141148	0.266255
22	16193549	rs554615706	22	16201235	rs2716382	0.542592
22	16193549	rs554615706	22	16212480	rs372779614	0.647342
22	16193549	rs554615706	22	16212542	rs377395690	0.647342
22	16193549	rs554615706	22	16212580	rs8135420	0.647342
22	16193549	rs554615706	22	16218680	rs201116495	0.605754
22	16193549	rs554615706	22	16219838	rs202133619	0.587896
22	16193549	rs554615706	22	16228299	rs7284580	0.21657
22	16193549	rs554615706	22	16287156	rs200521227	0.365293
22	16193549	rs554615706	22	16290842	rs61971008	0.503718
22	16193549	rs554615706	22	16388032	rs562318961	0.213041
22	16193549	rs554615706	22	16430363	rs200408963	0.486645
22	16193549	rs554615706	22	16430601	rs199660409	0.486645
22	16193549	rs554615706	22	16430606	rs200798547	0.486645
22	16193549	rs554615706	22	16430618	rs201639724	0.486645
22	16193549	rs554615706	22	16439593	rs199989910	0.603382
22	16193549	rs554615706	22	16440500	rs202204800	0.603382
22	16193549	rs554615706	22	16441330	rs200759170	0.643197
22	16193549	rs554615706	22	16441441	rs201879274	0.643197
22	16193549	rs554615706	22	16442005	rs200635547	0.643197
22	16193549	rs554615706	22	16444235	rs199810539	0.643197
22	16193549	rs554615706	22	16458883	rs200639740	0.643197
22	16193549	rs554615706	22	16459520	rs199955788	0.643197
22	16193549	rs554615706	22	16460679	rs7511531	0.582827
22	16193549	rs554615706	22	16462088	rs201464764	0.543193
22	16193549	rs554615706	22	16464502	rs2309039	0.665732
22	16193549	rs554615706	22	16471142	rs191567108	0.613028
22	16193549	rs554615706	22	16474473	rs200598360	0.622906
22	16193549	rs554615706	22	16477378	rs377375856	0.333774
22	16193549	rs554615706	22	16480319	rs570556046	0.624595
22	16193549	rs554615706	22	16481549	rs12628801	0.622906
22	16193549	rs554615706	22	16482298	rs7510928	0.582996
22	16193549	rs554615706	22	16493610	rs200372644	0.684639
22	16193549	rs554615706	22	16497038	rs139358392	0.663308
22	16193549	rs554615706	22	16503711	rs377517308	0.331531
22	16193549	rs554615706	22	16503851	rs2212223	0.579848
22	16193549	rs554615706	22	16504850	rs200204974	0.663308
22	16193549	rs554615706	22	16505854	rs201979747	0.504124
22	16193549	rs554615706	22	16507597	rs144355890	0.643197
22	16193549	rs554615706	22	16508801	rs145038732	0.582827
22	16193549	rs554615706	22	16508839	rs200803064	0.582827
22	16193549	rs554615706	22	16511179	rs201084508	0.643197
22	16193549	rs554615706	22	16512787	rs186849518	0.622906
22	16193549	rs554615706	22	16512938	rs377658961	0.643197
22	16193549	rs554615706	22	16512997	rs537857406	0.643197
22	16193549	rs554615706	22	16513041	rs8190182	0.643197
22	16193549	rs554615706	22	16513162	rs200691663	0.643197
22	16193549	rs554615706	22	16515630	rs370927714	0.643197
22	16193549	rs554615706	22	16517002	rs549935576	0.643197
22	16193549	rs554615706	22	16522740	rs548496952	0.643197
22	16193549	rs554615706	22	16524775	rs573154020	0.643197
22	16193549	rs554615706	22	16524945	rs370143622	0.643197
22	16193549	rs554615706	22	16527510	rs12628649	0.645146
22	16193549	rs554615706	22	16527574	rs12628392	0.645146
22	16193549	rs554615706	22	16535764	rs201052137	0.645146
22	16193549	rs554615706	22	16536304	rs150059886	0.48371
22	16193549	rs554615706	22	16537207	rs143146530	0.645146
22	16193549	rs554615706	22	16538159	rs376386675	0.603382
22	16193549	rs554615706	22	16539931	rs200582095	0.488188
22	16193549	rs554615706	22	16540870	rs200079835	0.645146
22	16193549	rs554615706	22	16543563	rs535173837	0.603382
22	16193549	rs554615706	22	16545823	rs12627785	0.643197
22	16193549	rs554615706	22	16546581	rs9628422	0.557728
22	16193549	rs554615706	22	16546923	rs12628906	0.643197
22	16193549	rs554615706	22	16547075	rs12627922	0.643197
22	16193549	rs554615706	22	16553555	rs200333264	0.643197
22	16193549	rs554615706	22	16554781	rs12628869	0.643197
22	16193549	rs554615706	22	16555820	rs551612549	0.643197
22	16193549	rs554615706	22	16556554	rs201362064	0.643197
22	16193549	rs554615706	22	16557488	rs150236477	0.643197
22	16193549	rs554615706	22	16560233	rs199529736	0.643197
22	16193549	rs554615706	22	16567323	rs12628521	0.663679
22	16193549	rs554615706	22	16568404	rs200386828	0.567591
22	16193549	rs554615706	22	16568405	rs201456653	0.584975
22	16193549	rs554615706	22	16569666	rs12628520	0.359828
22	16193549	rs554615706	22	16573431	rs541311402	0.643197
22	16193549	rs554615706	22	16574987	rs199744188	0.643197
22	16193549	rs554615706	22	16578328	rs564070021	0.643197
22	16193549	rs554615706	22	16578861	rs571201975	0.624595
22	16193549	rs554615706	22	16580670	rs200483765	0.665732
22	16193549	rs554615706	22	16581642	rs201151756	0.643197
22	16193549	rs554615706	22	16582763	rs529937835	0.643197
22	16193549	rs554615706	22	16582964	rs548179630	0.643197
22	16193549	rs554615706	22	16583779	rs536501228	0.643197
22	16193549	rs554615706	22	16583965	rs139611507	0.643197
22	16193549	rs554615706	22	16584013	rs8190179	0.297024
22	16193549	rs554615706	22	16584111	rs541602682	0.278306
22	16193549	rs554615706	22	16584704	rs12628130	0.589171
22	16193549	rs554615706	22	16588531	rs201451756	0.589171
22	16193549	rs554615706	22	16589123	rs370576621	0.265175
22	16193549	rs554615706	22	16590351	rs8190120	0.589171
22	16193549	rs554615706	22	16590668	rs147257289	0.589171
22	16193549	rs554615706	22	16590900	rs117347043	0.589171
22	16193549	rs554615706	22	16591627	rs201574129	0.589171
22	16193549	rs554615706	22	16592355	rs199748402	0.367097
22	16193549	rs554615706	22	16595552	rs117578132	0.589171
22	16193549	rs554615706	22	16597915	rs529323010	0.606203
22	16193549	rs554615706	22	16599209	rs373555361	0.606203
22	16193549	rs554615706	22	16599351	rs200990018	0.606203
22	16193549	rs554615706	22	16607130	rs372890903	0.589171
22	16193549	rs554615706	22	16609433	rs369554167	0.589171
22	16193549	rs554615706	22	16610009	rs200911774	0.589171
22	16193549	rs554615706	22	16610682	rs202061916	0.589171
22	16193549	rs554615706	22	16611158	rs555859711	0.589171
22	16193549	rs554615706	22	16611577	rs150310176	0.318749
22	16193549	rs554615706	22	16612634	rs201154704	0.589171